425432
281301
883691
209945
304458
354068
559132
291086
914348
580470
713651
468392
178529
395234
628041
349023
379876
321683
125403
290854
580634
597927
603972
714152
819061
472603
576298
651347
453752
136916
384924
194450
735971
482497
614059
682651
527809
248352
961962
198427
961362
409854
265980
923841
732758
745137
786351
291514
347384
905745
175962
651782
221795
871642
671482
308913
854079
621073
356986
560265
436105
360648
496459
124140
281792
289386
739296
978089
591790
219195
649213
714860
963845
741152
587678
350259
270690
924154
416749
103507
692703
401052
437598
654134
750340
206765
810398
516750
348641
492952
510309
736094
289403
851857
693436
378356
245609
540712
412240
392593
526401
379265
743957
481950
950264
250658
619401
953842
683364
186250
948936
760412
302513
973106
378536
569154
501564
475895
249875
527765
890189
815230
861459
437063
789290
854548
714150
687270
169673
842246
905061
417803
612523
340175
872180
725137
194201
653436
359378
376193
